410846246
5093684
17112299
2065100107
451703096
1948620191
1805283634
28756834
17753288
1964236604
29747526
473602620
1859245776
18638057
36496695
2617944302
21038723
2871217
27566922
22441762
473817398
509728806
34072434
401249910
28987626
28661564
21253966
21253806
4172700
29019227
19292804
29572505
1382576173
25648017
1382778514
29498911
28953033
29572502
1382781100
25787222
29572506
29572501
1990192694
1990192725
516818336
1990192689
1400110511
1433934518
1418953604
2014200813
1406633327
1432456852
1404228064
1407951508
1948618489
2144901835
2080218767
1846473650
1958557540
27698223
28306668
39224884
36990266
1338098071
1374329431
479223413
564000295
400876320
2031003572
2097627772
2126654120
28692519
1855475139
1876212794
441120471
433681259
27514868
1830422741
36921365
415904452
27896574
29719175
18981962
27731239
1386002735
2677295798
21373645
16434100
2188283
504265014
26243686
16593589
1306995079
1386693749
1832581859
458697629
34497413
24603573
5253802
416903659
26377216
1331707956
2117911937
2081585861
2637558926
2105586334
2065100111
2058865535
25657274
2411634
29966565
27556211
16232697
1803545978
460043703
28680438
35847388
36841427
16435049
402073823
25657236
25657241
1887190390
2117009
36841428
1404805139
429528027
25706371
18161816
28586064
504492140
1350601781
16435064
17081098
28208046
28531849
26608879
1470274244
26867112
1374446646
21568021
1313096578
529569189
18548880
2691123316
5159010
27412429
1409093519
1496239563
26330723
27200688
19558690
1649082
29491081
1295571534
5201829
1811303184
21598355
27102081
27691870
3986241
5201828
1376949250
5042272
501605
5058719
18065802
17261554
560838229
26658200
567257658
18003388
26971703
27600491
21177726
1871081119
1484889
405337333
1299217
3404727
16835293
20707713
4874999
26957482
1842927464
26546088
1826923389
27713921
28937926
411314681
16963280
28306554
2152133213
2122380396
480426313
423227295
456175020
28786054
439076364
17706562
515269424
1302290019
497218032
1297986663
423228325
461347998
402070862
453185808
21562994
21562960
18637990
35847559
34228719
19902364
1861580070
531051690
19196451
1319396100
444269135
2011072415
1398324033
1331708845
29771432
31066470
3406918
1480204501
29534449
18803200
27072480
28331097
2076712142
1449991947
16435051
2188235
1907161101
29722263
2004562490
2004563430
1806905006
2004563422
21563184
21563094
401712020
485992658
1855285578
1401302504
1824927085
514172235
441116182
417250724
1356131126
1960701524
1955153135
1938344407
29816628
32337668
431610014
442867526
33599620
441489378
2016284895
26395570
2142210969
1424400870
1340558332
553814210
426194883
2091578499
2030120910
30953009
1297841
27902187
5052317
1297699
17572558
1322432164
1485777161
1318733599
1387574419
555974038
505828531
3420781828
411349769
5100769
17793698
26658058
25677983
26623199
1416661690
2037073798
1817961813
481873953
1298432425
5221922
17990107
3315202
29559708
3955287
16855885
16855986
20189494
17112374
5135557
21268933
1315168334
21799569
1320329093
21799583
26921431
19375093
19375098
2113762
18353530
3818257
17405587
17405593
1912757016
26345370
21614772
16158605
16158507
16158638
16158561
19375081
1312062084
1300459
17572422
17572426
17572251
17572306
17572539
1297941
17572553
17572437
21268935
21268845
21268930
2758461222
27238097
18614115
18614153
18614146
17572494
18614069
18613883
18969085
18969180
18969204
18969136
18969071
18969206
21215511
21215284
21215697
5249267
2926297
2926295
1302250733
26525804
17706068
26605956
40237113
27206226
20943184
31010336
472045048
1643529
18943532
2152805690
1299712163
5104537
1868480
17177324
3986017
28528999
17177380
37240629
36308623
17177367
3986326
1338149101
19945726
3356622540
19945735
3356622542
1927389937
1977828161
21803604
26060065
1946813580
28406990
31654490
417911175
1852069909
569214321
21253949
16232632
2871299
2870985
16431880
1349964388
1846473653
1846473652
3392742809
415126537
3226001
21373644
21968164
27928548
3950546
16686599
1426247184
5041905
18127334
4330114
4208530
1950593309
27697195
35724589
27759600
1496764168
29129545
18611643
18611599
21803799
19542337
4170558
402668464
17212643
17810604
1345627501
27646851
1917843922
1874585362
27938268
19292812
460043704
1989318036
2054154146
2154850334
2154851107
552448704
399343818
27448352
31789305
2030754234
17217944
1469748657
28157586
17110642
1873259
1394494933
497131617
26459553
19292984
19292987
19292982
19292852
19293014
19293015
25787219
19292800
19292807
108914
29814898
25727803
108242
108886
108138
5256109
3352314052
66842
406907058
299936
5244822
29713754
300062
454828887
5269442
5246676
5237823
254078
449818741
233931
3343236872
1330348068
1901371647
2040551128
1468114204
1997438791
32507038
464009783
167882
1807799505
1400256289
2068068886
2100630469
2119795491
3331941569
143235
142931
27901965
35403523
3324100026
108795
26305541
108251
26305523
1405283464
36270426
3389754902
210042
5233025
209718
66282
65334
65536
67467
64093
287057
1360465550
254102
254270
254129
254144
299264
110477
110452
25640392
327157
326942
543656129
27678655
27731176
407450223
306664
407002483
327096
297778
108445
28949444
83165
1366052801
280118
1465226146
26117675
297710
85621
188660
570839692
5284736
188057
188177
3320618617
190072
189688
189540
189545
4878608
1407551413
298838
254499
2154945586
2023994371
2685528187
2149543676
1887298378
33599439
86369
2188846
357459
1932683020
198839
195896
25781197
1847408145
1853812727
1888076998
28853062
5252636
1844385608
486814713
1438246130
5237991
402070181
423406145
25643328
110711
327584
5237749
5255344
1952285469
5246628
480579324
2006730075
27808900
5250072
2724692017
4877418
26598946
394670
5237795
254574
5278704
5255644
5246609
77098
453189433
255973
277817
108370
190458
190473
110184
3342010385
327068
5263860
2654774730
108269
307474
481853239
25641912
280098
3368053771
191232
541687281
108640
326990
5239552
190526
190251
60263
60238
190563
190328
188429
188432
274686
1299550532
570837792
276610
5262391
392713
5237869
5237943
5237929
422104138
392735
22197007
1939557593
28815250
4877908
5265370
168091
167975
155885
1878860736
28009051
355992
63713
357279
381825
386844
573982269
354593
156374
5276979
156915
155908
155961
155886
25638240
387758
387764
385556
22197011
386542
209112
406737702
387717
543965520
569200213
569213220
1895661317
2063487880
109998
110411
1991332085
5281327
28196372
28819044
28996926
202373
29567189
27646198
110215
33248189
85567
108119
38576323
1363948882
37668008
31445772
29567192
1895377452
2690863733
167876
1368754688
421423806
1888108371
1974443814
29436904
29715559
27646199
28053527
30431366
30431364
30431374
150654
150430
150623
150633
150564
150552
28029112
28403111
82453
28029097
186513
29764562
31654343
3349595639
109545
1383023894
168500
31473269
169185
27808044
287063
35528482
543965427
530986012
135022
516823132
5255713
481853241
28754846
236387
1298511555
154480
167732
167827
97357
26562741
1334818132
483671599
109039
4875127
25707139
28285910
441491828
28996922
1889205264