2035161156
3431697108
1404511131
1815389717
29777545
404184562
444267925
2060301521
436346833
482999696
2124381474
1966162185
165026
447926067
436514312
27646205
569214250
25706282
139357
297839
297805
1465225532
191254
28059417
327115
139808
1410647903
1959667345
411214279
27955653
574921549
1463165983
518686034
2600493765
1293886117
1409382131
1484967131
1412264550
1970560265
29848657
36024806
30612793
2083785152
548556869
287719
287083
287398
26207292
66823
64317
409931770
65528
65766
65800
26305547
2041026502
108485
3225999
2103580032
26145391
16431842
16432052
25657526
20200923
3427383631
1313303916
460043748
460043753
1869271
5103312
24197361
545350938
501133798
501133800
545350935
1312062100
469104548
16648232
1862710350
1373172794
409031076
27853227
1299818
2066953372
2752219406
531777461
1444959590
426026646
2052348113
2058139099
1964208608
21407207
419594258
29947420
436487129
506092035
515453363
461518855
26496942
549800783
443242
29771146
27713920
4336098
4337372
4331344
21730832
26505362
17177277
16435050
563586080
5054926
2080607
1975505546
1355147933
2080331573
2057234990
494865824
25657282
29803675
3406580
3406406
1373168742
1364343491
405599119
21038711
30841076
2050561748
28859948
4433364
2150087691
447925342
500410102
31789010
27158959
1952112969
21157332
1356658022
28718313
1323911406
1981056341
17858810
460043708
19550042
27896565
27896566
3370511577
2689018742
445867332
3313334
4224657
33728982
1830419924
21373918
27515086
26569168
420478436
19292813
19292805
19292802
19292799
29572512
29572511
29572510
29572509
29572507
29572504
29561033
29572503
29561031
1382781566
1382790037
1382781549
1382781546
1382778973
1382781502
1382781478
1382781444
1382778878
1382781417
1382781399
1382781397
1382778829
1382572453
455311479