2035161156
3431697108
1404511131
1815389717
29777545
404184562
444267925
2060301521
441491828
436346833
97357
482999696
28754846
516823132
2124381474
30431366
1363948882
1966162185
31445772
421423806
165026
202373
447926067
436514312
1974443814
27646198
27646199
27646205
110215
109998
569214250
569200213
569213220
25706282
139357
355992
386844
254574
297839
297805
1465225532
108795
191254
28059417
327115
139808
326990
25640392
1410647903
1368754688
1807799505
1959667345
167827
411214279
27955653
574921549
169185
1463165983
32507038
518686034
407450223
27678655
1407551413
27731176
2600493765
1293886117
31654343
1330348068
1409382131
1484967131
1412264550
1970560265
29848657
36270426
28949444
36024806
449818741
233931
1299550532
1405283464
30612793
2083785152
454828887
548556869
287719
287083
287063
287398
26207292
298838
29713754
299936
66823
64317
1901371647
66282
66842
409931770
65528
65536
64093
65766
65800
108242
26305547
25727803
29814898
2041026502
108485
108914
1989318036
1874585362
27646851
18611643
27697195
3225999
2103580032
16431842
16432052
16431880
25657526
20200923
3427383631
1313303916
16686599
460043748
460043753
1927389937
17177367
17177380
28528999
3986017
1869271
5103312
24197361
17405587
545350938
501133798
501133800
545350935
1312062100
469104548
2152805690
16648232
1862710350
1373172794
409031076
555974038
1318733599
27853227
1299818
17572422
5052317
2066953372
426194883
2752219406
1424400870
531777461
1444959590
426026646
2052348113
2058139099
1938344407
514172235
1824927085
1401302504
1964208608
2004563422
1806905006
2004563430
21407207
29534449
1480204501
3406918
29771432
2011072415
419594258
29947420
436487129
506092035
515453363
444269135
531051690
461518855
19902364
453185808
402070862
497218032
26496942
456175020
423227295
549800783
443242
16963280
27713921
29771146
27713920
4336098
4337372
4331344
19558690
21730832
26505362
17177277
1409093519
16435050
5159010
563586080
5054926
1313096578
1374446646
20707713
2080607
1470274244
26608879
28531849
28208046
16435064
1350601781
504492140
28586064
18161816
25706371
429528027
1404805139
36841428
2117009
1887190390
25657241
25657236
1975505546
2065100111
1355147933
2080331573
2637558926
2057234990
2117911937
494865824
25657282
29803675
3406580
3406393
458697629
1373168742
1364343491
405599119
16593589
26243686
504265014
2188283
16434100
21373645
21038711
1386002735
18981962
29719175
27896574
415904452
36921365
1830422741
27514868
433681259
441120471
1876212794
1855475139
28692519
2126654120
2097627772
2031003572
400876320
564000295
479223413
1374329431
36990266
1338098071
39224884
28306668
27698223
1958557540
1846473650
2080218767
2144901835
1948618489
1407951508
1404228064
1432456852
1406633327
2014200813
1418953604
1433934518
1400110511
1990192689
516818336
1990192725
1990192694
17753288
30841076
509728806
2050561748
27759600
5100769
28859948
4433364
439076364
2150087691
447925342
500410102
31789010
27158959
1952112969
21157332
1842927464
1356658022
480426313
28718313
423228325
1323911406
1981056341
28680438
2065100107
17858810
460043708
19550042
27896565
27896566
3370511577
2411634
17112299
410846246
21038723
3392742809
1964236604
2689018742
445867332
2154851107
1496764168
17706562
1349964388
1948620191
2004562490
2154850334
2617944302
515269424
35847388
36841427
460043704
21563094
1297841
411314681
26060065
21253806
28661564
21253966
36496695
1859245776
35847559
4172700
29019227
3313334
4224657
27902187
17177324
461347998
33728982
27566922
2871217
18637990
18638057
1830419924
34228719
460043703
451703096
21373918
415126537
27515086
28157586
17793698
19292984
22441762
29747526
21562994
21563184
28756834
27556211
25657274
16232697
26569168
402073823
16435049
16435051
34072434
29966565
29722263
5093684
30953009
473817398
473602620
401249910
19292982
19292813
19292812
19292807
25787222
19292805
19292804
25787219
19292802
19292800
19292799
29572512
29572511
29572510
29572509
29572507
29572506
29572505
29572504
29561033
29572503
29498911
29572502
29572501
29561031
1382781566
1382790037
1382781549
1382781546
1382778973
1382781502
1382781478
1382781444
1382778878
1382781417
1382781399
1382781397
1382778829
1382781100
1382778514
1382576173
1382572453
455311479